LOOP START [N=1]...
DOT 0 's case starting...
0 191 192 193 193 95 2 194 194 96 3 195 195 196 196 97 4 197 197 98 5 198 198 199 199 200 199 99 6 201 199 100 7 202 202 101 8 203 199 102 9 204 204 103 10 205 205 104 11 206 200 105 12 207 201 203 206 207 208 208 209 208 106 13 210 208 107 14 211 211 108 15 212 208 109 16 213 213 110 17 214 214 111 18 215 209 112 19 216 210 212 215 216 217 217 218 217 113 20 219 217 114 21 220 220 115 22 221 217 116 23 222 222 117 24 223 223 118 25 224 218 119 26 225 219 221 224 225 226 226 227 226 120 27 228 226 121 28 229 229 122 29 230 230 123 30 231 228 231 227 232 232 233 232 124 31 234 232 125 32 235 235 126 33 236 236 127 34 237 232 128 35 238 238 129 36 239 239 130 37 240 240 131 38 241 241 132 39 242 233 133 40 243 234 237 242 243 244 244 245 244 134 41 246 244 135 42 247 247 136 43 248 248 137 44 249 244 138 45 250 250 139 46 251 251 140 47 252 252 141 48 253 253 142 49 254 245 143 50 255 246 249 254 255 256 256 257 256 144 51 258 256 145 52 259 259 146 53 260 260 147 54 261 256 148 55 262 262 149 56 263 263 150 57 264 264 151 58 265 265 152 59 266 257 153 60 267 258 261 266 267 268 268 269 268 154 61 270 268 155 62 271 271 156 63 272 272 157 64 273 268 158 65 274 274 159 66 275 275 160 67 276 276 161 68 277 277 162 69 278 269 163 70 279 270 273 278 279 280 280 281 280 164 71 282 282 165 72 283 280 166 73 284 284 167 74 285 285 168 75 286 286 169 76 287 283 287 281 288 288 289 288 170 77 290 288 171 78 291 291 172 79 292 291 173 80 293 292 293 294 288 174 81 295 295 175 82 296 296 176 83 297 296 177 84 298 297 298 299 289 178 85 300 290 294 299 300 301 301 302 301 179 86 303 301 180 87 304 304 181 88 305 304 182 89 306 305 306 307 301 183 90 308 308 184 91 309 309 185 92 310 309 186 93 311 310 311 312 302 187 94 313 303 307 312 313 314 314 1 315 315 188 189 316 316 190 317 
use same 'interpreterbuilder' api
INFO: Created TensorFlow Lite delegate for GPU.
Execution Plan Size : 125
ERROR: tensorflow/lite/core/subgraph.cc BytesRequired number of elements overflowed.

ERROR: Node number 1 (CONV_2D) failed to prepare.

Error at yolo_with_DOT.cc:201

